%YAML:1.0
---
type: IMU
name: mynteye
Gyr:
   unit: " rad/s"
   avg-axis:
      gyr_n: 2.0623194377847962e-03
      gyr_w: 2.4198316978269470e-05
   x-axis:
      gyr_n: 2.4422531398406561e-03
      gyr_w: 3.6620712439259814e-05
   y-axis:
      gyr_n: 2.2080430848723915e-03
      gyr_w: 2.0431468165659870e-05
   z-axis:
      gyr_n: 1.5366620886413415e-03
      gyr_w: 1.5542770329888722e-05
Acc:
   unit: " m/s^2"
   avg-axis:
      acc_n: 2.3068241566466540e-02
      acc_w: 4.4557795145222062e-04
   x-axis:
      acc_n: 2.2553297280896657e-02
      acc_w: 4.3171326839496962e-04
   y-axis:
      acc_n: 2.1424074593980984e-02
      acc_w: 3.6303931092474315e-04
   z-axis:
      acc_n: 2.5227352824521973e-02
      acc_w: 5.4198127503694903e-04
